[TS0]
Alpha = 2.769863992482241688e+00
Delta = 1.908149841531128210e-01
h0 = 1.506495279645316280e-24
cosi = 8.302486214016853161e-01
psi = -3.297970268023332485e-01
transientWindowType = none
refTime = 1238166018.000000000
Freq = 1.386388658144538510e+02
f1dot = 5.361624777645349951e-11
f2dot = 0.000000000000000000e+00
phi0 = 9.794253236228216419e-01
