[TS0]
Alpha = 2.346907262764566848e+00
Delta = -7.826281915415987944e-01
h0 = 7.970147003652005479e-25
cosi = 5.196233141984163417e-01
psi = 7.814627448020514677e-01
transientWindowType = none
refTime = 1238166018.000000000
Freq = 9.870517974712511489e+01
f1dot = 4.943554950499260756e-12
f2dot = 0.000000000000000000e+00
phi0 = 2.688418956417714778e+00
